trint	A	C	G	T
CTT	9.73135809398827e-10	4.04147018935335e-09	1.43132173778587e-09	0	
GCC	3.12435517293636e-09	0	2.16456636134548e-09	7.87193158823591e-09	
TAG	0	1.29561481183648e-09	5.62841105015408e-09	1.18302052422883e-09	
GGA	6.67981015923428e-09	2.38351090177205e-09	0	1.93648543867574e-09	
GTC	1.31178133492283e-09	5.34611495102185e-09	1.07117873244053e-09	0	
AGT	8.32308924301507e-09	2.92516784904672e-09	0	2.11807033554585e-09	
TGC	6.50457012785821e-09	1.50605222831046e-09	0	3.06096626952501e-09	
TGT	9.88014313586475e-09	2.37892310467997e-09	0	2.71612525732967e-09	
TGA	5.38176794152898e-09	2.02326333125082e-09	0	1.80084386596127e-09	
TCA	1.80011004249478e-09	0	2.0316322797924e-09	5.38983253071932e-09	
CGA	7.54849095962715e-08	5.9667447473857e-09	0	4.68820020051289e-09	
ATT	1.23866973738921e-09	8.05152974676416e-09	1.37933604025213e-09	0	
TAT	0	1.46963553857229e-09	1.13035253892243e-08	1.77507975351666e-09	
ATC	2.05888084428757e-09	5.70152824939355e-09	1.26381392771963e-09	0	
AAC	0	1.32305196709529e-09	6.05433675454448e-09	1.0994580108123e-09	
AGC	7.00582570529927e-09	1.88202565439108e-09	0	2.03834499063734e-09	
TAC	0	1.26208486784692e-09	7.15106673460728e-09	1.18935045184061e-09	
AAT	0	1.37875906454946e-09	8.00266233215422e-09	1.21659714910049e-09	
ACT	2.13228186329016e-09	0	2.93201686806737e-09	8.35137972479854e-09	
TCG	4.70351899878044e-09	0	5.92876891618563e-09	7.57121091838874e-08	
ACA	2.70098944811992e-09	0	2.36533523352043e-09	9.86670837799847e-09	
GAC	0	1.03357821553248e-09	5.40973352437309e-09	1.3294005670599e-09	
CAA	0	2.12410337274751e-09	4.85526360858161e-09	9.44484951205599e-10	
CTG	1.27344139284243e-09	6.44148184932754e-09	1.63812924886832e-09	0	
CCG	5.14296535386018e-09	0	5.13768667971313e-09	8.96944039213554e-08	
GGT	9.77634912814923e-09	2.63051251957162e-09	0	4.32554016200511e-09	
GCA	3.10474920245742e-09	0	1.49192285891864e-09	6.49061814581834e-09	
GTG	1.39070563589463e-09	6.81210377908505e-09	2.0139701012438e-09	0	
AAG	0	1.42391068094483e-09	4.05033395524512e-09	9.73079792340315e-10	
TCC	1.94346889863681e-09	0	2.42485149095336e-09	6.65698880959679e-09	
TTT	9.32415142331705e-10	3.16968417668368e-09	1.94802681996434e-09	0	
GTT	1.07188828184834e-09	6.13246561328543e-09	1.32973853664625e-09	0	
CAC	0	2.04693987464825e-09	6.80562633988586e-09	1.38501056827932e-09	
AGG	8.28127437607169e-09	2.3308044514188e-09	0	1.83943775204025e-09	
CGT	1.12174783325392e-07	5.18380178951489e-09	0	6.71263055381603e-09	
CAT	0	2.23042001533133e-09	1.24100658234677e-08	2.21593960570617e-09	
AGA	5.0217556426535e-09	3.41436108655503e-09	0	2.46359102138447e-09	
ATA	1.78776014832833e-09	1.12526469622138e-08	1.45333830901608e-09	0	
CGG	9.03703785715284e-08	4.94783553224204e-09	0	5.12089089833617e-09	
CCC	2.42314857237462e-09	0	2.45305794714907e-09	8.87651724151825e-09	
ACC	4.39049754305478e-09	0	2.68816340895613e-09	9.78559941174472e-09	
GGG	8.93397580566853e-09	2.48574763526096e-09	0	2.42324753584465e-09	
TTA	1.68342650961581e-09	4.57976424588207e-09	1.82798786528055e-09	0	
GAG	0	1.21631893104321e-09	3.40074147239566e-09	1.01167181118401e-09	
CCA	1.97662913004019e-09	0	1.4188822163258e-09	6.95471947558416e-09	
GAT	0	1.25589498288142e-09	5.69911951587757e-09	2.08959313023401e-09	
CTA	1.16649175749744e-09	5.69666970318534e-09	1.28040804768595e-09	0	
TCT	2.46213831233374e-09	0	3.41896382152937e-09	4.99535293574186e-09	
TGG	6.91075355359396e-09	1.46052529762307e-09	0	1.99287220977317e-09	
TTC	7.68847198714095e-10	3.41589035225239e-09	1.25508647000358e-09	0	
CTC	1.00886162208203e-09	3.37584375712268e-09	1.1978557085579e-09	0	
CGC	8.34613316709838e-08	3.88079459319021e-09	0	7.97177079162054e-09	
GCG	7.88636531697898e-09	0	3.8327599655168e-09	8.32364960032371e-08	
TTG	9.24507400905198e-10	4.78569975808703e-09	2.15016624283752e-09	0	
GGC	7.81046220269622e-09	2.17754738103783e-09	0	3.19204058473552e-09	
TAA	0	1.83735018299307e-09	4.63176114682751e-09	1.70537772761109e-09	
GCT	2.02844304192783e-09	0	1.89424110761711e-09	7.0594284285887e-09	
GAA	0	1.23646266528386e-09	3.3700198502728e-09	7.71593901816431e-10	
CAG	0	1.61491951429182e-09	6.44288040855503e-09	1.2955774671308e-09	
CCT	1.83877114904397e-09	0	2.34868509649559e-09	8.30396315200404e-09	
ACG	6.80040368279733e-09	0	5.15014674076132e-09	1.11470467778083e-07	
AAA	0	1.94960089930851e-09	3.17811661122491e-09	9.27257838478101e-10	
ATG	2.18738397651241e-09	1.23489418764555e-08	2.18733542839503e-09	0	
GTA	1.20238001965033e-09	7.21160436974041e-09	1.26172075696659e-09	0	
